len 392
DSRM1  15  84
DSRM2 101 170
ins 173 174
ins 231 241
ins 248 255
ins 272 282
ins 307 392
2   2
3   1
4   1
6   2
7   1
8   1
27  2
28  2
36  1
37  1
44  2
45  1
46  1
48  1
53  1
54  1
55  2
59  1
80  2
86  1
88  1
89  1
90  1
92  1
119 1
121 1
123 1
125 2
127 1
128 1
131 1
132 1
133 1
144 1
146 2
150 1
155 1
159 1
161 1
171 1
172 1
175 1
176 1
178 2
179 1
181 2
183 1
185 1
190 1
191 2
194 1
195 2
196 1
197 1
199 1
201 1
207 1
208 2
210 1
211 1
213 1
214 2
219 1
222 2
224 2
225 1
227 1
230 1
242 1
144 1
146 1
158 2
260 1
164 2
267 1
268 1
269 2
270 2
271 1
286 2
288 1
293 1
294 1
295 1
296 2
297 1
298 2
300 2
301 1
302 2
203 1
304 1
